 
STEADY-STATE RESULTS:
 
y    		 0
c    		 0
p    		 0
R    		 0
g    		 0
z    		 0
YGR  		 0.5
INFL 		 4
INT  		 10
AGR  		 0.5
CGR  		 0.5
 
EIGENVALUES:
         Modulus             Real        Imaginary

               0                0                0
               0                0                0
          0.4002           0.4002                0
            0.65             0.65                0
            0.95             0.95                0
           1.069            1.069                0
           1.417            1.417                0
             Inf              Inf                0
             Inf              Inf                0


There are 4 eigenvalue(s) larger than 1 in modulus 
for 4 forward-looking variable(s)
 
The rank condition is verified.
 
 
MODEL SUMMARY
 
  Number of variables:         11
  Number of stochastic shocks: 3
  Number of state variables:   5
  Number of jumpers:           4
  Number of static variables:  5


MATRIX OF COVARIANCE OF EXOGENOUS SHOCKS

Variables      e_z       e_g       e_R   
e_z          1.000000  0.000000  0.000000
e_g          0.000000  1.000000  0.000000
e_R          0.000000  0.000000  1.000000
 
POLICY AND TRANSITION FUNCTIONS
                                    y               c               p               R               g               z               YGR             INFL            INT             AGR             CGR 
Constant                           0               0               0               0               0               0        0.500000        4.000000       10.000000        0.500000        0.500000
c(-1)                              0               0               0               0               0               0               0               0               0               0     -100.000000
R(-1)                      -0.363821       -0.363821       -0.090394        0.400235               0               0      -36.382110      -36.157488      160.094131               0      -36.382110
y(-1)                              0               0               0               0               0               0     -100.000000               0               0               0               0
g(-1)                       0.950000               0               0               0        0.950000               0       95.000000               0               0               0               0
z(-1)                       0.272588        0.272588        0.075901        0.154576               0        0.650000       92.258777       30.360414       61.830292       65.000000       92.258777
e_z                         0.001887        0.001887        0.000525        0.001070               0        0.004500        0.638715        0.210187        0.428056        0.450000        0.638715
e_g                         0.008000               0               0               0        0.008000               0        0.800000               0               0               0               0
e_R                        -0.001213       -0.001213       -0.000301        0.001334               0               0       -0.121274       -0.120525        0.533647               0       -0.121274


MOMENTS OF SIMULATED VARIABLES

VARIABLE      MEAN    STD. DEV.   VARIANCE   SKEWNESS   KURTOSIS 
y            0.003818   0.029231   0.000854   0.326456   0.338558
c           -0.000225   0.002409   0.000006   0.028993  -0.088118
p           -0.000064   0.000659   0.000000   0.010394  -0.059536
R           -0.000219   0.002583   0.000007   0.062973  -0.117739
g            0.004043   0.029334   0.000860   0.319968   0.331471
z           -0.000667   0.005927   0.000035  -0.094425   0.009011
YGR          0.439034   1.057106   1.117472   0.012363   0.166560
INFL         3.974281   0.263769   0.069574   0.010394  -0.059536
INT          9.912460   1.033076   1.067246   0.062973  -0.117739
AGR          0.433291   0.592661   0.351247  -0.094425   0.009011
CGR          0.433671   0.703247   0.494556  -0.054971   0.173403


CORRELATION OF SIMULATED VARIABLES

VARIABLE      y       c       p       R       g       z      YGR    INFL     INT     AGR     CGR  
y           1.0000 -0.0014 -0.0115 -0.1446  0.9966 -0.0910  0.0625 -0.0115 -0.1446 -0.0910 -0.0577
c          -0.0014  1.0000  0.9977  0.2542 -0.0835  0.7979  0.5394  0.9977  0.2542  0.7979  0.8712
p          -0.0115  0.9977  1.0000  0.3195 -0.0934  0.8371  0.5591  1.0000  0.3195  0.8371  0.8962
R          -0.1446  0.2542  0.3195  1.0000 -0.1649  0.7858  0.4347  0.3195  1.0000  0.7858  0.6042
g           0.9966 -0.0835 -0.0934 -0.1649  1.0000 -0.1562  0.0180 -0.0934 -0.1649 -0.1562 -0.1291
z          -0.0910  0.7979  0.8371  0.7858 -0.1562  1.0000  0.6158  0.8371  0.7858  1.0000  0.9337
YGR         0.0625  0.5394  0.5591  0.4347  0.0180  0.6158  1.0000  0.5591  0.4347  0.6158  0.6552
INFL       -0.0115  0.9977  1.0000  0.3195 -0.0934  0.8371  0.5591  1.0000  0.3195  0.8371  0.8962
INT        -0.1446  0.2542  0.3195  1.0000 -0.1649  0.7858  0.4347  0.3195  1.0000  0.7858  0.6042
AGR        -0.0910  0.7979  0.8371  0.7858 -0.1562  1.0000  0.6158  0.8371  0.7858  1.0000  0.9337
CGR        -0.0577  0.8712  0.8962  0.6042 -0.1291  0.9337  0.6552  0.8962  0.6042  0.9337  1.0000


AUTOCORRELATION OF SIMULATED VARIABLES

VARIABLE      1       2       3       4       5   
y           0.9583  0.9159  0.8729  0.8351  0.8042
c           0.4196  0.1357 -0.0079 -0.0178 -0.0195
p           0.4451  0.1646  0.0134 -0.0064 -0.0125
R           0.7043  0.4983  0.3573  0.2324  0.1513
g           0.9620  0.9213  0.8809  0.8438  0.8127
z           0.6693  0.4330  0.2462  0.1382  0.0824
YGR         0.1757  0.1341  0.0588 -0.0009  0.0269
INFL        0.4451  0.1646  0.0134 -0.0064 -0.0125
INT         0.7043  0.4983  0.3573  0.2324  0.1513
AGR         0.6693  0.4330  0.2462  0.1382  0.0824
CGR         0.3719  0.2730  0.1445  0.1028  0.0416
Total computing time : 0h00m11s
