 
STEADY-STATE RESULTS:
 
y  		 0.16875
c  		 0.159375
i  		 0.009375
k  		 0.01875
A  		 1
a  		 0
l  		 0.46875
f  		 0.16875
u  		 1.07885
ul 		 -0.507693
uc 		 1.69231
fk 		 1.5
fl 		 0.3
 
EIGENVALUES:
         Modulus             Real        Imaginary

          0.2247           0.2247                0
             0.5              0.5                0
           8.901            8.901                0
             Inf              Inf                0
             Inf             -Inf                0


There are 3 eigenvalue(s) larger than 1 in modulus 
for 3 forward-looking variable(s)
 
The rank condition is verified.
 
 
MODEL SUMMARY
 
  Number of variables:         13
  Number of stochastic shocks: 1
  Number of state variables:   2
  Number of jumpers:           3
  Number of static variables:  8


MATRIX OF COVARIANCE OF EXOGENOUS SHOCKS

Variables      e_t   
e_t          1.000000
 
POLICY AND TRANSITION FUNCTIONS
                                      y               c               i               k               A               a               l               f               u               ul              uc              fk              fl
Constant                    0.168750        0.159375        0.009375        0.018750        1.000000               0        0.468750        0.168750        1.078847       -0.507693        1.692309        1.500000        0.300000
k(-1)                       0.990565        1.265882       -0.275317        0.224683               0               0       -1.698118        0.990565        3.004385        0.208989       -8.728890      -35.597490        1.423900
a(-1)                       0.089859        0.073686        0.016173        0.016173        0.500000        0.500000        0.018279        0.005484        0.115419       -0.071783       -0.601377        0.024372       -0.000975
e_t                         0.179717        0.147372        0.032345        0.032345        1.000000        1.000000        0.036558        0.010967        0.230839       -0.143567       -1.202755        0.048744       -0.001950


MOMENTS OF SIMULATED VARIABLES

VARIABLE      MEAN    STD. DEV.   VARIANCE   SKEWNESS   KURTOSIS 
y            0.168841   0.233083   0.054328  -0.031232   0.057114
c            0.159450   0.204237   0.041713  -0.039394   0.058121
i            0.009391   0.033052   0.001092   0.020941   0.036777
k            0.018766   0.043261   0.001872  -0.035272   0.057667
A            1.000497   1.159097   1.343507  -0.012009   0.052930
a            0.000497   1.159097   1.343507  -0.012009   0.052930
l            0.468766   0.063414   0.004021  -0.010144   0.040334
f            0.168757   0.050534   0.002554  -0.053837   0.057796
u            1.078965   0.352038   0.123931  -0.048025   0.058702
ul          -0.507764   0.161987   0.026240   0.006161   0.051083
uc           1.691700   1.619480   2.622714   0.036093   0.057766
fk           1.499983   1.512200   2.286749   0.032183   0.057580
fl           0.300001   0.060488   0.003659  -0.032183   0.057580


CORRELATION OF SIMULATED VARIABLES

VARIABLE      y       c       i       k       A       a       l       f       u      ul      uc      fk      fl   
y           1.0000  0.9973  0.8897  0.9994  0.9874  0.9874 -0.0808  0.7905  0.9865 -0.9787 -0.9991 -0.6142  0.6142
c           0.9973  1.0000  0.8535  0.9993  0.9730  0.9730 -0.1543  0.8336  0.9959 -0.9608 -0.9995 -0.6708  0.6708
i           0.8897  0.8535  1.0000  0.8728  0.9507  0.9507  0.3832  0.4237  0.8029 -0.9645 -0.8691 -0.1860  0.1860
k           0.9994  0.9993  0.8728  1.0000  0.9811  0.9811 -0.1164  0.8119  0.9917 -0.9707 -1.0000 -0.6420  0.6420
A           0.9874  0.9730  0.9507  0.9811  1.0000  1.0000  0.0779  0.6837  0.9482 -0.9988 -0.9797 -0.4816  0.4816
a           0.9874  0.9730  0.9507  0.9811  1.0000  1.0000  0.0779  0.6837  0.9482 -0.9988 -0.9797 -0.4816  0.4816
l          -0.0808 -0.1543  0.3832 -0.1164  0.0779  0.0779  1.0000 -0.6743 -0.2429 -0.1257  0.1238  0.8362 -0.8362
f           0.7905  0.8336  0.4237  0.8119  0.6837  0.6837 -0.6743  1.0000  0.8801 -0.6478 -0.8162 -0.9688  0.9688
u           0.9865  0.9959  0.8029  0.9917  0.9482  0.9482 -0.2429  0.8801  1.0000 -0.9318 -0.9927 -0.7351  0.7351
ul         -0.9787 -0.9608 -0.9645 -0.9707 -0.9988 -0.9988 -0.1257 -0.6478 -0.9318  1.0000  0.9689  0.4389 -0.4389
uc         -0.9991 -0.9995 -0.8691 -1.0000 -0.9797 -0.9797  0.1238 -0.8162 -0.9927  0.9689  1.0000  0.6477 -0.6477
fk         -0.6142 -0.6708 -0.1860 -0.6420 -0.4816 -0.4816  0.8362 -0.9688 -0.7351  0.4389  0.6477  1.0000 -1.0000
fl          0.6142  0.6708  0.1860  0.6420  0.4816  0.4816 -0.8362  0.9688  0.7351 -0.4389 -0.6477 -1.0000  1.0000


AUTOCORRELATION OF SIMULATED VARIABLES

VARIABLE      1       2       3       4       5   
y           0.6422  0.3548  0.1795  0.0755  0.0299
c           0.6902  0.3903  0.1994  0.0867  0.0352
i           0.2509  0.0650  0.0171 -0.0163 -0.0128
k           0.6662  0.3726  0.1894  0.0811  0.0325
A           0.5211  0.2651  0.1292  0.0471  0.0167
a           0.5211  0.2651  0.1292  0.0471  0.0167
l           0.1680  0.0034 -0.0173 -0.0358 -0.0217
f           0.7763  0.4541  0.2351  0.1070  0.0446
u           0.7394  0.4268  0.2198  0.0983  0.0405
ul          0.4810  0.2354  0.1126  0.0377  0.0123
uc          0.6710  0.3761  0.1914  0.0822  0.0331
fk          0.6446  0.3565  0.1804  0.0760  0.0303
fl          0.6446  0.3565  0.1804  0.0760  0.0303
Total computing time : 0h00m08s
