Starting Dynare (version 4.4.3).
Starting preprocessing of the model file ...
Found 22 equation(s).
Evaluating expressions...done
Computing static model derivatives:
 - order 1
Computing dynamic model derivatives:
 - order 1
 - order 2
Processing outputs ...done
Preprocessing completed.
Starting MATLAB/Octave computing.

STEADY-STATE RESULTS:

y   		 0.558759
c   		 0.305233
k   		 1.67628
kb  		 1
n   		 0.186253
ib  		 0.02
i   		 0.0335255
gb  		 0.2
w   		 2
r   		 0.111111
tr  		 0.187392
z   		 1.44225
tau 		 0.729098
dy  		 0
dc  		 0
di  		 0
dn  		 0
dw  		 0
dr  		 0
dtr 		 0
dgb 		 0
dib 		 0

MODEL SUMMARY

  Number of variables:         22
  Number of stochastic shocks: 4
  Number of state variables:   6
  Number of jumpers:           3
  Number of static variables:  14


MATRIX OF COVARIANCE OF EXOGENOUS SHOCKS

Variables     epsilonz    epsilongb   epsilonib  epsilontau 
epsilonz        0.000000    0.000000    0.000000    0.000000
epsilongb       0.000000    0.000100    0.000000    0.000000
epsilonib       0.000000    0.000000    0.000100    0.000000
epsilontau      0.000000    0.000000    0.000000    0.000000

POLICY AND TRANSITION FUNCTIONS
                                     y               c               k               kb              n               ib              i               gb              w               r               tr              z               tau             dy              dc              di              dn              dw              dr              dtr             dgb             dib
Constant                    0.558957        0.305142        1.676565        1.000000        0.186352        0.020000        0.033815        0.200000        1.999645        0.111151        0.187537        1.442250        0.729098        0.035498       -0.029936        0.864180        0.009917       -0.017749        0.003944        0.014461       -0.012706       -0.001271
(correction)                0.000198       -0.000091        0.000290               0        0.000099               0        0.000290               0       -0.000355        0.000039        0.000145               0               0        0.035498       -0.029936        0.864180        0.009917       -0.017749        0.003944        0.014461       -0.012706       -0.001271
k(-1)                       0.056166        0.086009        0.950157               0       -0.027473               0       -0.029843               0        0.496041       -0.055116        0.040951               0               0       10.051946       28.178022      -89.014373       -2.747250       24.802056       -5.511568        4.095062       -3.597957       -0.359796
kb(-1)                      0.024778        0.016717        0.008060        0.980000       -0.001580               0        0.008060               0        0.105656        0.004927        0.018066               0               0        4.434450        5.476925       24.042836       -0.158003        5.282775        0.492717        1.806551       -1.587251       -0.158725
ib(-1)                      0.236644       -0.109018       -0.404338        0.750000        0.118322        0.750000       -0.404338               0       -0.423518        0.047058       -0.577463               0               0       42.351759      -35.716202    -1206.061361       11.832204      -21.175879        4.705751      -57.746317      -15.159234      132.710208
gb(-1)                      0.288669       -0.132985       -0.328346               0        0.144335               0       -0.328346        0.750000       -0.516627        0.057403       -0.539532               0               0       51.662653      -43.568291     -979.390445       14.433475      -25.831327        5.740295      -53.953151      115.734190       -1.849194
z(-1)                       0.423633        0.097425        0.326208               0        0.066534               0        0.326208               0        0.801894        0.084241        0.308870        0.750000               0       75.816879       31.918373      973.013816        6.653357       40.094704        8.424098       30.887039      -27.137617       -2.713762
tau(-1)                    -1.303841       -0.244389       -1.059452               0       -0.651921               0       -1.059452               0        2.333461       -0.259273       -0.531560               0        0.750000     -233.346076      -80.066372    -3160.136969      -65.192059      116.673038      -25.927342      -53.155968       83.523043        8.352304
epsilonz                    0.814647        0.187349        0.627298               0        0.127944               0        0.627298               0        1.542042        0.161995        0.593958        1.442250               0      145.795815       61.379012     1871.105012       12.794402       77.102093       16.199535       59.395758      -52.185622       -5.218562
epsilongb                   0.384893       -0.177313       -0.437794               0        0.192446               0       -0.437794        1.000000       -0.688835        0.076537       -0.719375               0               0       68.883537      -58.091055    -1305.853927       19.244633      -34.441769        7.653726      -71.937535      154.312253       -2.465592
epsilonib                   0.315525       -0.145357       -0.539118        1.000000        0.157763        1.000000       -0.539118               0       -0.564690        0.062743       -0.769951               0               0       56.469012      -47.621603    -1608.081814       15.776272      -28.234506        6.274335      -76.995089      -20.212312      176.946943
epsilontau                 -1.267505       -0.237578       -1.029927               0       -0.633752               0       -1.029927               0        2.268430       -0.252048       -0.516746               0        0.729098     -226.843021      -77.835025    -3072.068010      -63.375240      113.421511      -25.204780      -51.674579       81.195363        8.119536
k(-1),k(-1)                -0.016630       -0.013227       -0.003403               0        0.008871               0       -0.003403               0       -0.081613        0.029573       -0.012125               0               0       -2.976314       -4.333394      -10.151841        0.887059       -4.080642        2.957283       -1.212520        1.426995        0.142700
kb(-1),k(-1)                0.005367        0.003278        0.002088               0        0.001671               0        0.002088               0        0.021058       -0.001872        0.003913               0               0        0.960442        1.074045        6.228728        0.167100        1.052890       -0.187220        0.391275       -0.024678       -0.002468
kb(-1),kb(-1)              -0.012939       -0.007397       -0.005542               0        0.000247               0       -0.005542               0       -0.048069       -0.002573       -0.009434               0               0       -2.315728       -2.423504      -16.530669        0.024683       -2.403437       -0.257303       -0.943404        0.899269        0.089927
ib(-1),k(-1)               -0.069520        0.020310       -0.089830               0       -0.064106               0       -0.089830               0        0.061949       -0.041897       -0.050687               0               0      -12.441783        6.654090     -267.945216       -6.410606        3.097426       -4.189686       -5.068658        7.500962      -12.742242
ib(-1),kb(-1)               0.047722       -0.022659        0.070381               0        0.017610               0        0.070381               0       -0.089001        0.009490        0.034794               0               0        8.540777       -7.423385      209.932494        1.761047       -4.450029        0.948975        3.479427       -1.712597       -6.123450
ib(-1),ib(-1)               0.121848       -0.030903        0.152752               0        0.073452               0        0.152752               0       -0.083544        0.024230        0.088839               0               0       21.806945      -10.124530      455.627869        7.345195       -4.177204        2.422994        8.883932       -1.385296      -56.985657
gb(-1),k(-1)               -0.054874        0.010988       -0.065862               0       -0.063235               0       -0.065862               0        0.022004       -0.045156       -0.040009               0               0       -9.820743        3.599859     -196.453974       -6.323511        1.100223       -4.515627       -4.000873       -6.259537        0.723280
gb(-1),kb(-1)               0.003129       -0.002263        0.005392               0       -0.006061               0        0.005392               0       -0.009982        0.000622        0.002281               0               0        0.559916       -0.741475       16.082696       -0.606059       -0.499092        0.062213        0.228104       -4.512573        0.143962
gb(-1),ib(-1)               0.139024       -0.002493        0.141517               0        0.100076               0        0.141517               0        0.079391        0.027645        0.101362               0               0       24.880942       -0.816737      422.118343       10.007635        3.969561        2.764549       10.136247      -50.089596      -68.669027
gb(-1),gb(-1)               0.070686        0.004979        0.065707               0        0.053985               0        0.065707               0        0.073672        0.014056        0.051537               0               0       12.650546        1.631177      195.991392        5.398480        3.683588        1.405616        5.153706      -64.319443        0.502534
z(-1),k(-1)                 0.102525        0.004362        0.098163               0        0.020157               0        0.098163               0        0.091610       -0.029867        0.074751               0               0       18.348710        1.429168      292.799965        2.015702        4.580492       -2.986739        7.475081       -1.111953       -0.111195
z(-1),kb(-1)                0.017858        0.006024        0.011834               0       -0.001028               0        0.011834               0        0.044023        0.003551        0.013020               0               0        3.195999        1.973433       35.299528       -0.102837        2.201144        0.355111        1.302018        1.262844        0.126284
z(-1),ib(-1)                0.010244        0.023655       -0.013410               0       -0.042319               0       -0.013410               0        0.132956        0.002037        0.007469               0               0        1.833412        7.749697      -40.000253       -4.231870        6.647779        0.203712        0.746914       22.330271      -99.533036
z(-1),gb(-1)                0.040026        0.016173        0.023854               0       -0.037857               0        0.023854               0        0.112916        0.007959        0.029183               0               0        7.163416        5.298446       71.150559       -3.785749        5.645804        0.795935        2.918304      -76.290084        2.547598
z(-1),z(-1)                -0.006507       -0.014384        0.007877               0       -0.021299               0        0.007877               0       -0.081031       -0.001294       -0.004744       -0.065003               0       -1.164458       -4.712303       23.495529       -2.129919       -4.051526       -0.129384       -0.474388       20.991696        2.099170
tau(-1),k(-1)              -0.332783       -0.020259       -0.312524               0       -0.004702               0       -0.312524               0        0.939764        0.088497       -0.200507               0               0      -59.557599       -6.637287     -932.197464       -0.470188       46.988201        8.849719      -20.050712        4.526447        0.452645
tau(-1),kb(-1)             -0.059214       -0.015291       -0.043922               0        0.004833               0       -0.043922               0        0.125769       -0.011775       -0.024589               0               0      -10.597354       -5.009768     -131.011134        0.483269        6.288444       -1.177484       -2.458916       -3.614397       -0.361440
tau(-1),ib(-1)              0.134236       -0.038040        0.172277               0       -0.070932               0        0.172277               0       -1.722633        0.026693        0.275355               0               0       24.024048      -12.462639      513.866896       -7.093171      -86.131650        2.669339       27.535463      -79.346035      305.276807
tau(-1),gb(-1)              0.091774       -0.013246        0.105020               0       -0.122513               0        0.105020               0       -1.972538        0.018250        0.283415               0               0       16.424656       -4.339669      313.254797      -12.251265      -98.626909        1.824962       28.341453      221.031989       -9.217942
tau(-1),z(-1)              -0.751278       -0.079958       -0.671320               0       -0.114253               0       -0.671320               0        0.510986       -0.149394       -0.230031               0               0     -134.454895      -26.195789    -2002.415347      -11.425349       25.549301      -14.939433      -23.003083      -78.522834       -7.852283
tau(-1),tau(-1)            -1.162322       -0.216694       -0.945628               0       -0.200853               0       -0.945628               0        6.163966       -0.231132       -1.897175               0       -0.128583     -208.018694      -70.992964    -2820.622773      -20.085335      308.198315      -23.113188     -189.717537      269.355195       26.935520
epsilonz  ,epsilonz          0.519037        0.071710        0.447327               0        0.006533               0        0.447327               0        0.728383        0.103212        0.378429        0.721125               0       92.891130       23.493592     1334.288087        0.653316       36.419147       10.321237       37.842918       42.835340        4.283534
epsilongb ,epsilonz          0.102627        0.041467        0.061161               0       -0.097067               0        0.061161               0        0.289517        0.020408        0.074825               0               0       18.366993       13.585212      182.429979       -9.706658       14.475837        2.040777        7.482529     -195.607718        6.532039
epsilongb ,epsilongb         0.125664        0.008851        0.116813               0        0.095973               0        0.116813               0        0.130972        0.024989        0.091621               0               0       22.489860        2.899870      348.429141        9.597297        6.548601        2.498873        9.162144     -114.345677        0.893393
epsilonib ,epsilonz          0.026266        0.060650       -0.034384               0       -0.108505               0       -0.034384               0        0.340898        0.005223        0.019151               0               0        4.700867       19.870217     -102.560618      -10.850511       17.044900        0.522319        1.915086       57.254799     -255.202628
epsilonib ,epsilongb         0.247154       -0.004432        0.251586               0        0.177914               0        0.251586               0        0.141140        0.049148        0.180200               0               0       44.232786       -1.451976      750.432610       17.791351        7.056997        4.914754       18.019995      -89.048171     -122.078271
epsilonib ,epsilonib         0.216619       -0.054939        0.271558               0        0.130581               0        0.271558               0       -0.148523        0.043075        0.157937               0               0       38.767902      -17.999164      810.005100       13.058125       -7.426141        4.307545       15.793656       -2.462749     -101.307835
epsilontau,epsilonz         -1.404445       -0.149475       -1.254971               0       -0.213586               0       -1.254971               0        0.955241       -0.279279       -0.430021               0               0     -251.351043      -48.970615    -3743.331074      -21.358637       47.762064      -27.927894      -43.002145     -146.791207      -14.679121
epsilontau,epsilongb         0.118955       -0.017169        0.136125               0       -0.158798               0        0.136125               0       -2.556755        0.023655        0.367355               0               0       21.289230       -5.624971      406.033050      -15.879784     -127.837738        2.365470       36.735484      286.496149      -11.948067
epsilontau,epsilonib         0.173994       -0.049307        0.223301               0       -0.091940               0        0.223301               0       -2.232834        0.034599        0.356908               0               0       31.139371      -16.153762      666.061448       -9.193991     -111.641695        3.459930       35.690780     -102.846351      395.692179
epsilontau,epsilontau       -1.943443       -0.363170       -1.580274               0       -0.612316               0       -1.580274               0        7.337477       -0.386461       -2.137402               0        0.364549     -347.814508     -118.981153    -4713.644524      -61.231590      366.873840      -38.646056     -213.740235      308.681469       30.868147
k(-1),epsilonz              0.197155        0.008389        0.188767               0        0.038762               0        0.188767               0        0.176166       -0.057435        0.143746               0               0       35.284558        2.748290      563.054166        3.876194        8.808283       -5.743498       14.374577       -2.138285       -0.213828
k(-1),epsilongb            -0.073166        0.014651       -0.087816               0       -0.084313               0       -0.087816               0        0.029339       -0.060208       -0.053345               0               0      -13.094324        4.799813     -261.938632       -8.431348        1.466963       -6.020836       -5.334497       -8.346050        0.964373
k(-1),epsilonib            -0.092693        0.027081       -0.119773               0       -0.085475               0       -0.119773               0        0.082598       -0.055862       -0.067582               0               0      -16.589044        8.872120     -357.260287       -8.547475        4.129901       -5.586248       -6.758211       10.001283      -16.989656
k(-1),epsilontau           -0.323509       -0.019695       -0.303814               0       -0.004571               0       -0.303814               0        0.913574        0.086031       -0.194919               0               0      -57.897805       -6.452314     -906.218318       -0.457084       45.678700        8.603089      -19.491925        4.400301        0.440030
kb(-1),epsilonz             0.034341        0.011583        0.022757               0       -0.001978               0        0.022757               0        0.084656        0.006829        0.025038               0               0        6.145904        3.794910       67.880971       -0.197755        4.232799        0.682878        2.503780        2.428448        0.242845
kb(-1),epsilongb            0.004171       -0.003018        0.007189               0       -0.008081               0        0.007189               0       -0.013309        0.000830        0.003041               0               0        0.746555       -0.988634       21.443594       -0.808079       -0.665456        0.082951        0.304139       -6.016764        0.191949
kb(-1),epsilonib            0.063630       -0.030211        0.093841               0        0.023481               0        0.093841               0       -0.118667        0.012653        0.046392               0               0       11.387703       -9.897847      279.909993        2.348063       -5.933372        1.265300        4.639236       -2.283463       -8.164600
kb(-1),epsilontau          -0.057563       -0.014865       -0.042698               0        0.004698               0       -0.042698               0        0.122264       -0.011447       -0.023904               0               0      -10.302020       -4.870153     -127.360022        0.469801        6.113193       -1.144669       -2.390389       -3.513668       -0.351367
ib(-1),epsilonz             0.019700        0.045488       -0.025788               0       -0.081379               0       -0.025788               0        0.255673        0.003917        0.014363               0               0        3.525650       14.902663      -76.920463       -8.137883       12.783675        0.391739        1.436315       42.941099     -191.401971
ib(-1),epsilongb            0.185366       -0.003324        0.188690               0        0.133435               0        0.188690               0        0.105855        0.036861        0.135150               0               0       33.174589       -1.088982      562.824457       13.343513        5.292748        3.686065       13.514996      -66.786128      -91.558703
ib(-1),epsilonib            0.324928       -0.082409        0.407338               0        0.195872               0        0.407338               0       -0.222784        0.064613        0.236905               0               0       58.151854      -26.998746     1215.007651       19.587187      -11.139212        6.461317       23.690484       -3.694123     -151.961752
ib(-1),epsilontau           0.130495       -0.036980        0.167475               0       -0.068955               0        0.167475               0       -1.674625        0.025949        0.267681               0               0       23.354528      -12.115321      499.546086       -6.895493      -83.731271        2.594948       26.768085      -77.134763      296.769134
gb(-1),epsilonz             0.076970        0.031100        0.045870               0       -0.072800               0        0.045870               0        0.217138        0.015306        0.056119               0               0       13.775244       10.188909      136.822484       -7.279993       10.856877        1.530583        5.611897     -146.705788        4.899029
gb(-1),epsilongb            0.188496        0.013277        0.175219               0        0.143959               0        0.175219               0        0.196458        0.037483        0.137432               0               0       33.734790        4.349804      522.643712       14.395946        9.822902        3.748310       13.743217     -171.518515        1.340090
gb(-1),epsilonib            0.185366       -0.003324        0.188690               0        0.133435               0        0.188690               0        0.105855        0.036861        0.135150               0               0       33.174589       -1.088982      562.824457       13.343513        5.292748        3.686065       13.514996      -66.786128      -91.558703
gb(-1),epsilontau           0.089217       -0.012877        0.102093               0       -0.119098               0        0.102093               0       -1.917566        0.017741        0.275516               0               0       15.966922       -4.218728      304.524788      -11.909838      -95.878303        1.774102       27.551613      214.872111       -8.961050
z(-1),epsilonz              0.539820        0.074582        0.465239               0        0.006795               0        0.465239               0        0.757549        0.107345        0.393582        0.750000               0       96.610668       24.434320     1387.715533        0.679476       37.877440       10.734519       39.358221       44.550549        4.455055
z(-1),epsilongb             0.053368        0.021563        0.031805               0       -0.050477               0        0.031805               0        0.150555        0.010612        0.038911               0               0        9.551221        7.064595       94.867412       -5.047665        7.527738        1.061247        3.891072     -101.720112        3.396797
z(-1),epsilonib             0.013659        0.031540       -0.017880               0       -0.056425               0       -0.017880               0        0.177274        0.002716        0.009959               0               0        2.444549       10.332929      -53.333671       -5.642493        8.863705        0.271617        0.995885       29.773695     -132.710715
z(-1),epsilontau           -0.730341       -0.077730       -0.652611               0       -0.111069               0       -0.652611               0        0.496745       -0.145231       -0.223620               0               0     -130.707810      -25.465746    -1946.610603      -11.106939       24.837274      -14.523090      -22.362017      -76.334504       -7.633450
tau(-1),epsilonz           -1.444708       -0.153760       -1.290948               0       -0.219709               0       -1.290948               0        0.982626       -0.287285       -0.442349               0               0     -258.556686      -50.374487    -3850.643565      -21.970939       49.131290      -28.728521      -44.234916     -150.999365      -15.099936
tau(-1),epsilongb           0.122366       -0.017661        0.140027               0       -0.163350               0        0.140027               0       -2.630051        0.024333        0.377886               0               0       21.899542       -5.786226      417.673062      -16.335020     -131.502545        2.433282       37.788604      294.709319      -12.290589
tau(-1),epsilonib           0.178982       -0.050720        0.229702               0       -0.094576               0        0.229702               0       -2.296844        0.035591        0.367140               0               0       32.032064      -16.616852      685.155862       -9.457561     -114.842200        3.559118       36.713951     -105.794714      407.035742
tau(-1),epsilontau         -3.998315       -0.747162       -3.251153               0       -1.259739               0       -3.251153               0       15.095650       -0.795079       -4.397353               0        0.750000     -715.571062     -244.784125    -9697.547236     -125.973911      754.782498      -79.507896     -439.735330      635.061280       63.506128


MOMENTS OF SIMULATED VARIABLES

VARIABLE      MEAN      STD. DEV.   VARIANCE    SKEWNESS    KURTOSIS  
y             0.556386    0.008218    0.000068   -0.139950   -0.156021
c             0.303061    0.008085    0.000065   -0.644967    0.648033
k             1.674366    0.084854    0.007200   -0.531757    0.881982
kb            0.915446    0.179301    0.032149   -0.255153    0.119863
n             0.186785    0.005350    0.000029    0.462933    0.443493
ib            0.018339    0.014959    0.000224   -0.180372    0.042886
i             0.033348    0.010478    0.000110    0.278236    0.143396
gb            0.201639    0.015172    0.000230    0.023133    0.110771
w             1.986835    0.041353    0.001710   -0.678887    0.640949
r             0.111054    0.006292    0.000040    0.747709    1.311999
tr            0.185685    0.017969    0.000323    0.050086    0.074452
z             1.442250    0.000000    0.000000    1.000200   -1.999467
tau           0.729098    0.000000    0.000000    1.040898   -1.891965
dy           -0.424541    1.470762    2.163142   -0.139950   -0.156021
dc           -0.711741    2.648740    7.015822   -0.644967    0.648033
di           -0.530327   31.252832  976.739499    0.278236    0.143396
dn            0.053223    0.535014    0.286240    0.462933    0.443493
dw           -0.658251    2.067667    4.275245   -0.678887    0.640949
dr           -0.005710    0.629201    0.395894    0.747709    1.311999
dtr          -0.170764    1.796906    3.228872    0.050086    0.074452
dgb           0.426344    2.375831    5.644574   -0.034484    0.037042
dib          -0.305606    2.663979    7.096784   -0.229762    0.102907


CORRELATION OF SIMULATED VARIABLES

VARIABLE      y       c       k      kb       n      ib       i      gb       w       r      tr       z      tau     dy      dc      di      dn      dw      dr      dtr     dgb     dib  
y           1.0000 -0.3773 -0.2823  0.4656  0.7043  0.5902 -0.7957  0.7104 -0.2609  0.4248 -0.7577 -0.0029  0.0708  1.0000 -0.3773 -0.7957  0.7043 -0.2609  0.4248 -0.7577  0.5902  0.5790
c          -0.3773  1.0000  0.8877 -0.2985 -0.9227 -0.5465  0.5435 -0.5738  0.9924 -0.8746  0.8136 -0.0035 -0.0422 -0.3773  1.0000  0.5435 -0.9227  0.9924 -0.8746  0.8136 -0.5736 -0.5442
k          -0.2823  0.8877  1.0000 -0.6371 -0.7974 -0.4345  0.2248 -0.3528  0.8880 -0.9834  0.5654 -0.0013 -0.1017 -0.2823  0.8877  0.2248 -0.7974  0.8880 -0.9834  0.5654 -0.3416 -0.4327
kb          0.4656 -0.2985 -0.6371  1.0000  0.4241  0.2809  0.0132  0.1252 -0.2494  0.7104 -0.1843 -0.0048  0.1661  0.4656 -0.2985  0.0132  0.4241 -0.2494  0.7104 -0.1843  0.0394  0.2752
n           0.7043 -0.9227 -0.7974  0.4241  1.0000  0.6620 -0.7440  0.7343 -0.8685  0.8485 -0.9362  0.0014  0.0621  0.7043 -0.9227 -0.7440  1.0000 -0.8685  0.8485 -0.9362  0.6840  0.6555
ib          0.5902 -0.5465 -0.4345  0.2809  0.6620  1.0000 -0.7600  0.1498 -0.4915  0.4705 -0.7622  0.0018  0.0215  0.5902 -0.5465 -0.7600  0.6620 -0.4915  0.4705 -0.7622  0.0397  0.9998
i          -0.7957  0.5435  0.2248  0.0132 -0.7440 -0.7600  1.0000 -0.6619  0.4611 -0.3028  0.9262 -0.0018  0.0174 -0.7957  0.5435  1.0000 -0.7440  0.4611 -0.3028  0.9262 -0.5807 -0.7548
gb          0.7104 -0.5738 -0.3528  0.1252  0.7343  0.1498 -0.6619  1.0000 -0.5040  0.4413 -0.7321 -0.0003  0.0276  0.7104 -0.5738 -0.6619  0.7343 -0.5040  0.4413 -0.7321  0.9873  0.1391
w          -0.2609  0.9924  0.8880 -0.2494 -0.8685 -0.4915  0.4611 -0.5040  1.0000 -0.8554  0.7477 -0.0040 -0.0346 -0.2609  0.9924  0.4611 -0.8685  1.0000 -0.8554  0.7477 -0.5197 -0.4906
r           0.4248 -0.8746 -0.9834  0.7104  0.8485  0.4705 -0.3028  0.4413 -0.8554  1.0000 -0.6227  0.0002  0.1143  0.4248 -0.8746 -0.3028  0.8485 -0.8554  1.0000 -0.6227  0.4110  0.4665
tr         -0.7577  0.8136  0.5654 -0.1843 -0.9362 -0.7622  0.9262 -0.7321  0.7477 -0.6227  1.0000 -0.0022 -0.0176 -0.7577  0.8136  0.9262 -0.9362  0.7477 -0.6227  1.0000 -0.6698 -0.7567
z          -0.0029 -0.0035 -0.0013 -0.0048  0.0014  0.0018 -0.0018 -0.0003 -0.0040  0.0002 -0.0022  1.0000  0.9844 -0.0029 -0.0035 -0.0018  0.0014 -0.0040  0.0002 -0.0022  0.0003  0.0019
tau         0.0708 -0.0422 -0.1017  0.1661  0.0621  0.0215  0.0174  0.0276 -0.0346  0.1143 -0.0176  0.9844  1.0000  0.0708 -0.0422  0.0174  0.0621 -0.0346  0.1143 -0.0176  0.0158  0.0204
dy          1.0000 -0.3773 -0.2823  0.4656  0.7043  0.5902 -0.7957  0.7104 -0.2609  0.4248 -0.7577 -0.0029  0.0708  1.0000 -0.3773 -0.7957  0.7043 -0.2609  0.4248 -0.7577  0.5902  0.5790
dc         -0.3773  1.0000  0.8877 -0.2985 -0.9227 -0.5465  0.5435 -0.5738  0.9924 -0.8746  0.8136 -0.0035 -0.0422 -0.3773  1.0000  0.5435 -0.9227  0.9924 -0.8746  0.8136 -0.5736 -0.5442
di         -0.7957  0.5435  0.2248  0.0132 -0.7440 -0.7600  1.0000 -0.6619  0.4611 -0.3028  0.9262 -0.0018  0.0174 -0.7957  0.5435  1.0000 -0.7440  0.4611 -0.3028  0.9262 -0.5807 -0.7548
dn          0.7043 -0.9227 -0.7974  0.4241  1.0000  0.6620 -0.7440  0.7343 -0.8685  0.8485 -0.9362  0.0014  0.0621  0.7043 -0.9227 -0.7440  1.0000 -0.8685  0.8485 -0.9362  0.6840  0.6555
dw         -0.2609  0.9924  0.8880 -0.2494 -0.8685 -0.4915  0.4611 -0.5040  1.0000 -0.8554  0.7477 -0.0040 -0.0346 -0.2609  0.9924  0.4611 -0.8685  1.0000 -0.8554  0.7477 -0.5197 -0.4906
dr          0.4248 -0.8746 -0.9834  0.7104  0.8485  0.4705 -0.3028  0.4413 -0.8554  1.0000 -0.6227  0.0002  0.1143  0.4248 -0.8746 -0.3028  0.8485 -0.8554  1.0000 -0.6227  0.4110  0.4665
dtr        -0.7577  0.8136  0.5654 -0.1843 -0.9362 -0.7622  0.9262 -0.7321  0.7477 -0.6227  1.0000 -0.0022 -0.0176 -0.7577  0.8136  0.9262 -0.9362  0.7477 -0.6227  1.0000 -0.6698 -0.7567
dgb         0.5902 -0.5736 -0.3416  0.0394  0.6840  0.0397 -0.5807  0.9873 -0.5197  0.4110 -0.6698  0.0003  0.0158  0.5902 -0.5736 -0.5807  0.6840 -0.5197  0.4110 -0.6698  1.0000  0.0300
dib         0.5790 -0.5442 -0.4327  0.2752  0.6555  0.9998 -0.7548  0.1391 -0.4906  0.4665 -0.7567  0.0019  0.0204  0.5790 -0.5442 -0.7548  0.6555 -0.4906  0.4665 -0.7567  0.0300  1.0000


AUTOCORRELATION OF SIMULATED VARIABLES

VARIABLE       1          2          3          4          5     
y              0.7765     0.5965     0.4859     0.4074     0.3325
c              0.9564     0.9110     0.8701     0.8293     0.7857
k              0.9913     0.9729     0.9470     0.9154     0.8798
kb             0.9956     0.9872     0.9752     0.9603     0.9432
n              0.8785     0.7740     0.7007     0.6414     0.5812
ib             0.7591     0.5759     0.4740     0.3786     0.2981
i              0.7262     0.5116     0.3857     0.2881     0.1967
gb             0.7496     0.5406     0.4022     0.2943     0.2115
w              0.9739     0.9421     0.9088     0.8730     0.8338
r              0.9843     0.9615     0.9345     0.9038     0.8696
tr             0.7980     0.6347     0.5328     0.4525     0.3750
z           7471.8387  7474.6358  7477.4521  7480.2877  7483.1428
tau           34.3369    34.3258    34.3122    34.2968    34.2800
dy             0.7765     0.5965     0.4859     0.4074     0.3325
dc             0.9564     0.9110     0.8701     0.8293     0.7857
di             0.7262     0.5116     0.3857     0.2881     0.1967
dn             0.8785     0.7740     0.7007     0.6414     0.5812
dw             0.9739     0.9421     0.9088     0.8730     0.8338
dr             0.9843     0.9615     0.9345     0.9038     0.8696
dtr            0.7980     0.6347     0.5328     0.4525     0.3750
dgb            0.7571     0.5543     0.4204     0.3113     0.2316
dib            0.7600     0.5770     0.4747     0.3784     0.2980
Total computing time : 0h00m09s
